0.000000000000000000e+00
1.077551020408163166e-03
2.155102040816326333e-03
3.232653061224489283e-03
4.310204081632652666e-03
5.387755102040816049e-03
6.465306122448978565e-03
7.542857142857141949e-03
8.620408163265305332e-03
9.697959183673467848e-03
1.077551020408163210e-02
1.185306122448979461e-02
1.293061224489795713e-02
1.400816326530612138e-02
1.508571428571428390e-02
1.616326530612244641e-02
1.724081632653061066e-02
1.831836734693877491e-02
1.939591836734693570e-02
2.047346938775509995e-02
2.155102040816326420e-02
2.262857142857142498e-02
2.370612244897958923e-02
2.478367346938775348e-02
2.586122448979591426e-02
2.693877551020407851e-02
2.801632653061224276e-02
2.909387755102040701e-02
3.017142857142856779e-02
3.124897959183673204e-02
3.232653061224489283e-02
3.340408163265305708e-02
3.448163265306122133e-02
3.555918367346938558e-02
3.663673469387754983e-02
3.771428571428571408e-02
3.879183673469387139e-02
3.986938775510203564e-02
4.094693877551019989e-02
4.202448979591836414e-02
4.310204081632652839e-02
4.417959183673469264e-02
4.525714285714284996e-02
4.633469387755101421e-02
4.741224489795917846e-02
4.848979591836734271e-02
4.956734693877550696e-02
5.064489795918367121e-02
5.172244897959182852e-02
5.279999999999999971e-02
5.279999999999999971e-02
5.360000000000000181e-02
5.439999999999999697e-02
5.519999999999999907e-02
5.600000000000000117e-02
5.679999999999999633e-02
5.759999999999999842e-02
5.840000000000000052e-02
5.919999999999999568e-02
5.999999999999999778e-02
5.999999999999999778e-02
6.113207547169811212e-02
6.226415094339622647e-02
6.339622641509433387e-02
6.452830188679245516e-02
6.566037735849056256e-02
6.679245283018866997e-02
6.792452830188679125e-02
6.905660377358489865e-02
7.018867924528301994e-02
7.132075471698112734e-02
7.245283018867924862e-02
7.358490566037735603e-02
7.471698113207547731e-02
7.584905660377358472e-02
7.698113207547169212e-02
7.811320754716981341e-02
7.924528301886792081e-02
8.037735849056604209e-02
8.150943396226414950e-02
8.264150943396225690e-02
8.377358490566037819e-02
8.490566037735848559e-02
8.603773584905660687e-02
8.716981132075471428e-02
8.830188679245282168e-02
8.943396226415094297e-02
9.056603773584906425e-02
9.169811320754717165e-02
9.283018867924527906e-02
9.396226415094338646e-02
9.509433962264150775e-02
9.622641509433962903e-02
9.735849056603773644e-02
9.849056603773584384e-02
9.962264150943396512e-02
1.007547169811320725e-01
1.018867924528301938e-01
1.030188679245283012e-01
1.041509433962264086e-01
1.052830188679245299e-01
1.064150943396226512e-01
1.075471698113207586e-01
1.086792452830188660e-01
1.098113207547169734e-01
1.109433962264150947e-01
1.120754716981132160e-01
1.132075471698113234e-01
1.143396226415094308e-01
1.154716981132075382e-01
1.166037735849056595e-01
1.177358490566037807e-01
1.188679245283018882e-01
1.199999999999999956e-01
1.211320754716981168e-01
1.222641509433962242e-01
1.233962264150943455e-01
1.245283018867924529e-01
1.256603773584905603e-01
1.267924528301886955e-01
1.279245283018867752e-01
1.290566037735849103e-01
1.301886792452830177e-01
1.313207547169811251e-01
1.324528301886792603e-01
1.335849056603773399e-01
1.347169811320754751e-01
1.358490566037735825e-01
1.369811320754716899e-01
1.381132075471698251e-01
1.392452830188679325e-01
1.403773584905660399e-01
1.415094339622641473e-01
1.426415094339622547e-01
1.437735849056603898e-01
1.449056603773584972e-01
1.460377358490566047e-01
1.471698113207547121e-01
1.483018867924528195e-01
1.494339622641509546e-01
1.505660377358490620e-01
1.516981132075471694e-01
1.528301886792453046e-01
1.539622641509433842e-01
1.550943396226415194e-01
1.562264150943396268e-01
1.573584905660377342e-01
1.584905660377358694e-01
1.596226415094339490e-01
1.607547169811320842e-01
1.618867924528301916e-01
1.630188679245282990e-01
1.641509433962264342e-01
1.652830188679245138e-01
1.664150943396226490e-01
1.675471698113207564e-01
1.686792452830188638e-01
1.698113207547169989e-01
1.709433962264150786e-01
1.720754716981132137e-01
1.732075471698113212e-01
1.743396226415094286e-01
1.754716981132075637e-01
1.766037735849056434e-01
1.777358490566037785e-01
1.788679245283018859e-01
1.799999999999999933e-01
1.811320754716981285e-01
1.822641509433962359e-01
1.833962264150943433e-01
1.845283018867924507e-01
1.856603773584905581e-01
1.867924528301886933e-01
1.879245283018868007e-01
1.890566037735849081e-01
1.901886792452830155e-01
1.913207547169811229e-01
1.924528301886792581e-01
1.935849056603773655e-01
1.947169811320754729e-01
1.958490566037735803e-01
1.969811320754717154e-01
1.981132075471698228e-01
1.992452830188679302e-01
2.003773584905660377e-01
2.015094339622641451e-01
2.026415094339622802e-01
2.037735849056603876e-01
2.049056603773584950e-01
2.060377358490566024e-01
2.071698113207547098e-01
2.083018867924528450e-01
2.094339622641509524e-01
2.105660377358490598e-01
2.116981132075471672e-01
2.128301886792452746e-01
2.139622641509434098e-01
2.150943396226415172e-01
2.162264150943396246e-01
2.173584905660377320e-01
2.184905660377358672e-01
2.196226415094339746e-01
2.207547169811320820e-01
2.218867924528301894e-01
2.230188679245282968e-01
2.241509433962264319e-01
2.252830188679245393e-01
2.264150943396226467e-01
2.275471698113207542e-01
2.286792452830188616e-01
2.298113207547169967e-01
2.309433962264151041e-01
2.320754716981132115e-01
2.332075471698113189e-01
2.343396226415094263e-01
2.354716981132075615e-01
2.366037735849056689e-01
2.377358490566037763e-01
2.388679245283018837e-01
2.399999999999999911e-01
