0.000000000000000000e+00
1.346938775510203958e-04
2.693877551020407916e-04
4.040816326530611603e-04
5.387755102040815832e-04
6.734693877551020062e-04
8.081632653061223207e-04
9.428571428571427436e-04
1.077551020408163166e-03
1.212244897959183481e-03
1.346938775510204012e-03
1.481632653061224327e-03
1.616326530612244641e-03
1.751020408163265173e-03
1.885714285714285487e-03
2.020408163265305802e-03
2.155102040816326333e-03
2.289795918367346864e-03
2.424489795918366962e-03
2.559183673469387493e-03
2.693877551020408025e-03
2.828571428571428122e-03
2.963265306122448654e-03
3.097959183673469185e-03
3.232653061224489283e-03
3.367346938775509814e-03
3.502040816326530345e-03
3.636734693877550877e-03
3.771428571428570974e-03
3.906122448979591506e-03
4.040816326530611603e-03
4.175510204081632135e-03
4.310204081632652666e-03
4.444897959183673197e-03
4.579591836734693729e-03
4.714285714285714260e-03
4.848979591836733924e-03
4.983673469387754455e-03
5.118367346938774987e-03
5.253061224489795518e-03
5.387755102040816049e-03
5.522448979591836581e-03
5.657142857142856245e-03
5.791836734693876776e-03
5.926530612244897307e-03
6.061224489795917839e-03
6.195918367346938370e-03
6.330612244897958901e-03
6.465306122448978565e-03
6.599999999999999964e-03
6.599999999999999964e-03
6.700000000000000226e-03
6.799999999999999621e-03
6.899999999999999883e-03
7.000000000000000146e-03
7.099999999999999541e-03
7.199999999999999803e-03
7.300000000000000065e-03
7.399999999999999460e-03
7.499999999999999722e-03
7.499999999999999722e-03
7.641509433962264015e-03
7.783018867924528308e-03
7.924528301886791734e-03
8.066037735849056894e-03
8.207547169811320320e-03
8.349056603773583746e-03
8.490566037735848906e-03
8.632075471698112332e-03
8.773584905660377492e-03
8.915094339622640918e-03
9.056603773584906078e-03
9.198113207547169504e-03
9.339622641509434664e-03
9.481132075471698090e-03
9.622641509433961515e-03
9.764150943396226676e-03
9.905660377358490101e-03
1.004716981132075526e-02
1.018867924528301869e-02
1.033018867924528211e-02
1.047169811320754727e-02
1.061320754716981070e-02
1.075471698113207586e-02
1.089622641509433928e-02
1.103773584905660271e-02
1.117924528301886787e-02
1.132075471698113303e-02
1.146226415094339646e-02
1.160377358490565988e-02
1.174528301886792331e-02
1.188679245283018847e-02
1.202830188679245363e-02
1.216981132075471705e-02
1.231132075471698048e-02
1.245283018867924564e-02
1.259433962264150907e-02
1.273584905660377423e-02
1.287735849056603765e-02
1.301886792452830108e-02
1.316037735849056624e-02
1.330188679245283140e-02
1.344339622641509482e-02
1.358490566037735825e-02
1.372641509433962168e-02
1.386792452830188684e-02
1.400943396226415200e-02
1.415094339622641542e-02
1.429245283018867885e-02
1.443396226415094227e-02
1.457547169811320743e-02
1.471698113207547259e-02
1.485849056603773602e-02
1.499999999999999944e-02
1.514150943396226461e-02
1.528301886792452803e-02
1.542452830188679319e-02
1.556603773584905662e-02
1.570754716981132004e-02
1.584905660377358694e-02
1.599056603773584689e-02
1.613207547169811379e-02
1.627358490566037721e-02
1.641509433962264064e-02
1.655660377358490754e-02
1.669811320754716749e-02
1.683962264150943439e-02
1.698113207547169781e-02
1.712264150943396124e-02
1.726415094339622813e-02
1.740566037735849156e-02
1.754716981132075498e-02
1.768867924528301841e-02
1.783018867924528184e-02
1.797169811320754873e-02
1.811320754716981216e-02
1.825471698113207558e-02
1.839622641509433901e-02
1.853773584905660243e-02
1.867924528301886933e-02
1.882075471698113275e-02
1.896226415094339618e-02
1.910377358490566307e-02
1.924528301886792303e-02
1.938679245283018993e-02
1.952830188679245335e-02
1.966981132075471678e-02
1.981132075471698367e-02
1.995283018867924363e-02
2.009433962264151052e-02
2.023584905660377395e-02
2.037735849056603737e-02
2.051886792452830427e-02
2.066037735849056423e-02
2.080188679245283112e-02
2.094339622641509455e-02
2.108490566037735797e-02
2.122641509433962487e-02
2.136792452830188482e-02
2.150943396226415172e-02
2.165094339622641514e-02
2.179245283018867857e-02
2.193396226415094546e-02
2.207547169811320542e-02
2.221698113207547232e-02
2.235849056603773574e-02
2.249999999999999917e-02
2.264150943396226606e-02
2.278301886792452949e-02
2.292452830188679291e-02
2.306603773584905634e-02
2.320754716981131976e-02
2.334905660377358666e-02
2.349056603773585009e-02
2.363207547169811351e-02
2.377358490566037694e-02
2.391509433962264036e-02
2.405660377358490726e-02
2.419811320754717068e-02
2.433962264150943411e-02
2.448113207547169753e-02
2.462264150943396443e-02
2.476415094339622786e-02
2.490566037735849128e-02
2.504716981132075471e-02
2.518867924528301813e-02
2.533018867924528503e-02
2.547169811320754845e-02
2.561320754716981188e-02
2.575471698113207530e-02
2.589622641509433873e-02
2.603773584905660562e-02
2.617924528301886905e-02
2.632075471698113248e-02
2.646226415094339590e-02
2.660377358490565933e-02
2.674528301886792622e-02
2.688679245283018965e-02
2.702830188679245307e-02
2.716981132075471650e-02
2.731132075471698339e-02
2.745283018867924682e-02
2.759433962264151025e-02
2.773584905660377367e-02
2.787735849056603710e-02
2.801886792452830399e-02
2.816037735849056742e-02
2.830188679245283084e-02
2.844339622641509427e-02
2.858490566037735769e-02
2.872641509433962459e-02
2.886792452830188802e-02
2.900943396226415144e-02
2.915094339622641487e-02
2.929245283018867829e-02
2.943396226415094519e-02
2.957547169811320861e-02
2.971698113207547204e-02
2.985849056603773546e-02
2.999999999999999889e-02
